  -1.0000000e+00   1.2122738e-01
  -1.0000000e+00  -1.6801065e+00
  -1.0000000e+00  -2.8042632e+00
  -1.0000000e+00  -3.3025710e+00
  -1.0000000e+00  -3.6027990e+00
  -1.0000000e+00  -4.0935977e+00
  -1.0000000e+00  -4.2157366e+00
  -1.0000000e+00  -3.9769061e+00
  -1.0000000e+00  -4.0893432e+00
  -1.0000000e+00  -3.8218615e+00
  -1.0000000e+00  -3.9264149e+00
  -1.0000000e+00  -3.7154775e+00
  -1.0000000e+00  -3.6876110e+00
  -1.0000000e+00  -3.9011421e+00
  -1.0000000e+00  -3.6798237e+00
  -1.0000000e+00  -3.8561699e+00
   1.0000000e+00  -4.1086571e+00
   1.0000000e+00  -6.9158484e-02
   1.0000000e+00   2.1649100e+00
   1.0000000e+00   3.3639425e+00
   1.0000000e+00   4.1328091e+00
   1.0000000e+00   4.7035664e+00
   1.0000000e+00   4.9857404e+00
   1.0000000e+00   5.1411666e+00
   1.0000000e+00   5.1610465e+00
   1.0000000e+00   4.9325504e+00
   1.0000000e+00   4.5993015e+00
   1.0000000e+00   4.3622832e+00
   1.0000000e+00   3.9260497e+00
   1.0000000e+00   4.1266555e+00
   1.0000000e+00   4.1845967e+00
   1.0000000e+00   3.9730172e+00
  -1.0000000e+00   3.8219600e+00
  -1.0000000e+00  -9.5562117e-02
  -1.0000000e+00  -1.9644091e+00
  -1.0000000e+00  -2.7645177e+00
  -1.0000000e+00  -3.3611212e+00
  -1.0000000e+00  -3.7610644e+00
  -1.0000000e+00  -4.0071893e+00
  -1.0000000e+00  -4.6425445e+00
  -1.0000000e+00  -4.9397659e+00
  -1.0000000e+00  -4.7520153e+00
  -1.0000000e+00  -4.6789137e+00
  -1.0000000e+00  -4.6141989e+00
  -1.0000000e+00  -4.5861642e+00
  -1.0000000e+00  -4.3744293e+00
  -1.0000000e+00  -4.4245528e+00
  -1.0000000e+00  -4.4919955e+00
   1.0000000e+00  -4.5590443e+00
   1.0000000e+00  -6.1517388e-01
   1.0000000e+00   1.3295090e+00
   1.0000000e+00   2.2624906e+00
   1.0000000e+00   3.1900771e+00
   1.0000000e+00   3.3224042e+00
   1.0000000e+00   3.0365007e+00
   1.0000000e+00   3.4644732e+00
   1.0000000e+00   3.8689974e+00
   1.0000000e+00   3.8962735e+00
   1.0000000e+00   3.7779216e+00
   1.0000000e+00   4.0121186e+00
   1.0000000e+00   4.2747412e+00
   1.0000000e+00   3.9725412e+00
   1.0000000e+00   4.0493619e+00
  -1.0000000e+00   4.3671773e+00
  -1.0000000e+00   6.6823235e-01
  -1.0000000e+00  -1.5948387e+00
  -1.0000000e+00  -2.8258034e+00
  -1.0000000e+00  -2.9813483e+00
  -1.0000000e+00  -3.3304066e+00
  -1.0000000e+00  -3.2576714e+00
  -1.0000000e+00  -3.6442935e+00
  -1.0000000e+00  -3.7744196e+00
  -1.0000000e+00  -3.7516990e+00
  -1.0000000e+00  -3.9388905e+00
  -1.0000000e+00  -4.1413880e+00
  -1.0000000e+00  -4.2199126e+00
  -1.0000000e+00  -4.2097179e+00
  -1.0000000e+00  -4.1333113e+00
  -1.0000000e+00  -4.1083834e+00
   1.0000000e+00  -4.0663707e+00
   1.0000000e+00  -2.0318988e-01
   1.0000000e+00   1.5463238e+00
   1.0000000e+00   2.8545149e+00
   1.0000000e+00   3.5055758e+00
   1.0000000e+00   3.9805916e+00
   1.0000000e+00   4.1729937e+00
   1.0000000e+00   4.0392726e+00
   1.0000000e+00   4.1961247e+00
   1.0000000e+00   4.1836187e+00
   1.0000000e+00   3.8038255e+00
   1.0000000e+00   3.7298628e+00
   1.0000000e+00   4.0976786e+00
   1.0000000e+00   3.9177948e+00
   1.0000000e+00   3.6512683e+00
   1.0000000e+00   3.7360070e+00
  -1.0000000e+00   3.9229724e+00
  -1.0000000e+00  -1.6706355e-01
  -1.0000000e+00  -2.0570052e+00
  -1.0000000e+00  -3.4542291e+00
  -1.0000000e+00  -3.8625835e+00
  -1.0000000e+00  -4.1817173e+00
  -1.0000000e+00  -3.8802664e+00
  -1.0000000e+00  -3.9280140e+00
  -1.0000000e+00  -4.0966716e+00
  -1.0000000e+00  -4.2577932e+00
  -1.0000000e+00  -4.4097607e+00
  -1.0000000e+00  -4.2140630e+00
  -1.0000000e+00  -4.2589550e+00
  -1.0000000e+00  -4.0537878e+00
  -1.0000000e+00  -4.0754961e+00
   1.0000000e+00  -3.7132547e+00
   1.0000000e+00   6.4376792e-01
   1.0000000e+00   2.7207048e+00
   1.0000000e+00   3.7324621e+00
   1.0000000e+00   4.0574763e+00
   1.0000000e+00   4.4540014e+00
   1.0000000e+00   4.3830070e+00
   1.0000000e+00   4.5617052e+00
   1.0000000e+00   4.6918720e+00
   1.0000000e+00   4.8658373e+00
   1.0000000e+00   4.8686704e+00
   1.0000000e+00   4.2394389e+00
   1.0000000e+00   4.2464442e+00
   1.0000000e+00   4.4121748e+00
   1.0000000e+00   4.2557064e+00
   1.0000000e+00   4.4008709e+00
  -1.0000000e+00   4.4922603e+00
  -1.0000000e+00   4.1141956e-01
  -1.0000000e+00  -1.3393020e+00
  -1.0000000e+00  -2.4842543e+00
  -1.0000000e+00  -2.8135355e+00
  -1.0000000e+00  -3.1281464e+00
  -1.0000000e+00  -3.3851098e+00
  -1.0000000e+00  -3.6756439e+00
  -1.0000000e+00  -3.0951694e+00
  -1.0000000e+00  -3.5734757e+00
  -1.0000000e+00  -3.4266141e+00
  -1.0000000e+00  -3.5594526e+00
  -1.0000000e+00  -3.6395948e+00
  -1.0000000e+00  -3.3787368e+00
  -1.0000000e+00  -3.3290848e+00
  -1.0000000e+00  -3.3972173e+00
   1.0000000e+00  -3.5516016e+00
   1.0000000e+00   4.9503882e-01
   1.0000000e+00   2.3815442e+00
   1.0000000e+00   3.3504532e+00
   1.0000000e+00   3.8203005e+00
   1.0000000e+00   3.9172474e+00
   1.0000000e+00   3.9213889e+00
   1.0000000e+00   4.1826869e+00
   1.0000000e+00   4.0844085e+00
   1.0000000e+00   4.1542258e+00
   1.0000000e+00   3.8414136e+00
   1.0000000e+00   3.7896348e+00
   1.0000000e+00   3.8514088e+00
   1.0000000e+00   4.1453336e+00
   1.0000000e+00   4.0710649e+00
   1.0000000e+00   3.8725782e+00
  -1.0000000e+00   4.1489930e+00
  -1.0000000e+00  -3.6427322e-02
  -1.0000000e+00  -1.7289368e+00
  -1.0000000e+00  -2.8266950e+00
  -1.0000000e+00  -3.8002220e+00
  -1.0000000e+00  -4.2014190e+00
  -1.0000000e+00  -4.4054499e+00
  -1.0000000e+00  -4.2927836e+00
  -1.0000000e+00  -4.2760025e+00
  -1.0000000e+00  -4.2728613e+00
  -1.0000000e+00  -4.2674176e+00
  -1.0000000e+00  -3.8788079e+00
  -1.0000000e+00  -4.0126051e+00
  -1.0000000e+00  -3.5599514e+00
  -1.0000000e+00  -3.9188727e+00
   1.0000000e+00  -4.0845111e+00
   1.0000000e+00   1.5445220e-02
   1.0000000e+00   1.7308701e+00
   1.0000000e+00   2.6666400e+00
   1.0000000e+00   3.3080088e+00
   1.0000000e+00   3.6761538e+00
   1.0000000e+00   3.6707137e+00
   1.0000000e+00   3.8204673e+00
   1.0000000e+00   4.0157115e+00
   1.0000000e+00   3.7365455e+00
   1.0000000e+00   3.6862668e+00
   1.0000000e+00   3.3134089e+00
   1.0000000e+00   3.4396495e+00
   1.0000000e+00   3.7236827e+00
   1.0000000e+00   3.6694520e+00
   1.0000000e+00   3.8422974e+00
  -1.0000000e+00   4.1721634e+00
  -1.0000000e+00   3.2800879e-01
  -1.0000000e+00  -1.9960760e+00
  -1.0000000e+00  -3.2999135e+00
  -1.0000000e+00  -3.5261411e+00
  -1.0000000e+00  -4.0277781e+00
  -1.0000000e+00  -4.1976431e+00
  -1.0000000e+00  -4.3821427e+00
  -1.0000000e+00  -4.3178625e+00
  -1.0000000e+00  -4.1269128e+00
  -1.0000000e+00  -4.2554938e+00
  -1.0000000e+00  -4.0708360e+00
  -1.0000000e+00  -4.4685973e+00
  -1.0000000e+00  -4.4451398e+00
  -1.0000000e+00  -4.2055763e+00
  -1.0000000e+00  -4.4382881e+00
   1.0000000e+00  -4.4930155e+00
   1.0000000e+00  -2.3166574e-01
   1.0000000e+00   1.6772483e+00
   1.0000000e+00   2.7802222e+00
   1.0000000e+00   2.8551156e+00
   1.0000000e+00   3.0300680e+00
   1.0000000e+00   3.0096833e+00
   1.0000000e+00   3.5256673e+00
   1.0000000e+00   3.4425140e+00
   1.0000000e+00   3.5141758e+00
   1.0000000e+00   3.4792996e+00
   1.0000000e+00   3.7316755e+00
   1.0000000e+00   3.4752194e+00
   1.0000000e+00   3.5109022e+00
   1.0000000e+00   3.7129675e+00
  -1.0000000e+00   3.7409785e+00
  -1.0000000e+00  -1.1590151e-01
  -1.0000000e+00  -2.3346096e+00
  -1.0000000e+00  -3.5239364e+00
  -1.0000000e+00  -3.8719152e+00
  -1.0000000e+00  -4.0768101e+00
  -1.0000000e+00  -4.1620986e+00
  -1.0000000e+00  -4.1883443e+00
  -1.0000000e+00  -4.2802605e+00
  -1.0000000e+00  -4.0886427e+00
  -1.0000000e+00  -4.0741587e+00
  -1.0000000e+00  -4.3483229e+00
  -1.0000000e+00  -4.0113676e+00
  -1.0000000e+00  -3.9395991e+00
  -1.0000000e+00  -3.8598654e+00
  -1.0000000e+00  -3.8639886e+00
   1.0000000e+00  -4.2900674e+00
   1.0000000e+00  -3.8743156e-01
   1.0000000e+00   1.6873131e+00
   1.0000000e+00   3.1647704e+00
   1.0000000e+00   3.7865386e+00
   1.0000000e+00   3.9835389e+00
   1.0000000e+00   4.2016287e+00
   1.0000000e+00   4.4441878e+00
   1.0000000e+00   4.3825501e+00
   1.0000000e+00   4.2494714e+00
   1.0000000e+00   3.9077968e+00
   1.0000000e+00   4.2071255e+00
   1.0000000e+00   4.0191040e+00
   1.0000000e+00   3.9552308e+00
   1.0000000e+00   4.0841845e+00
   1.0000000e+00   3.7967550e+00
  -1.0000000e+00   3.9355028e+00
  -1.0000000e+00  -1.6266281e-01
  -1.0000000e+00  -1.9797409e+00
  -1.0000000e+00  -2.6798523e+00
  -1.0000000e+00  -3.1254684e+00
  -1.0000000e+00  -3.2968474e+00
  -1.0000000e+00  -3.3563083e+00
  -1.0000000e+00  -3.3610061e+00
  -1.0000000e+00  -3.7422943e+00
  -1.0000000e+00  -3.7841692e+00
  -1.0000000e+00  -3.7216215e+00
  -1.0000000e+00  -3.5299611e+00
  -1.0000000e+00  -3.5345051e+00
  -1.0000000e+00  -4.0067463e+00
  -1.0000000e+00  -3.7720661e+00
  -1.0000000e+00  -3.5037276e+00
   1.0000000e+00  -3.7391813e+00
   1.0000000e+00   2.6777049e-01
   1.0000000e+00   2.0552016e+00
   1.0000000e+00   3.1696031e+00
   1.0000000e+00   3.5090787e+00
   1.0000000e+00   3.6943640e+00
   1.0000000e+00   3.7884245e+00
   1.0000000e+00   3.8516575e+00
   1.0000000e+00   3.7005971e+00
   1.0000000e+00   3.3754436e+00
   1.0000000e+00   3.2534952e+00
   1.0000000e+00   3.7267211e+00
   1.0000000e+00   3.3554101e+00
   1.0000000e+00   2.9797332e+00
   1.0000000e+00   3.1638224e+00
  -1.0000000e+00   2.7186701e+00
  -1.0000000e+00  -1.1391863e+00
  -1.0000000e+00  -2.6201205e+00
  -1.0000000e+00  -3.7124510e+00
  -1.0000000e+00  -4.0153994e+00
  -1.0000000e+00  -4.3092391e+00
  -1.0000000e+00  -4.5786808e+00
  -1.0000000e+00  -4.5682052e+00
  -1.0000000e+00  -4.7564915e+00
  -1.0000000e+00  -4.9786942e+00
  -1.0000000e+00  -5.0824225e+00
  -1.0000000e+00  -5.1348925e+00
  -1.0000000e+00  -5.3769004e+00
  -1.0000000e+00  -5.3768408e+00
  -1.0000000e+00  -5.0880822e+00
  -1.0000000e+00  -4.7506937e+00
   1.0000000e+00  -4.7124234e+00
   1.0000000e+00  -7.1823530e-01
   1.0000000e+00   1.2971711e+00
   1.0000000e+00   2.5391657e+00
   1.0000000e+00   3.1675389e+00
   1.0000000e+00   3.6840644e+00
   1.0000000e+00   3.5848826e+00
   1.0000000e+00   3.4987655e+00
   1.0000000e+00   3.6677103e+00
   1.0000000e+00   3.4719544e+00
   1.0000000e+00   3.8371680e+00
   1.0000000e+00   3.7205837e+00
   1.0000000e+00   3.7871372e+00
   1.0000000e+00   3.7159370e+00
   1.0000000e+00   3.6118947e+00
   1.0000000e+00   3.5249074e+00
  -1.0000000e+00   3.3901005e+00
  -1.0000000e+00  -8.1303434e-01
  -1.0000000e+00  -3.1537111e+00
  -1.0000000e+00  -3.8681637e+00
  -1.0000000e+00  -4.5354691e+00
  -1.0000000e+00  -4.8836133e+00
  -1.0000000e+00  -4.4965049e+00
  -1.0000000e+00  -4.3631775e+00
  -1.0000000e+00  -4.2671970e+00
  -1.0000000e+00  -4.2573045e+00
  -1.0000000e+00  -4.3414230e+00
  -1.0000000e+00  -4.2612609e+00
  -1.0000000e+00  -4.1445138e+00
  -1.0000000e+00  -4.3046846e+00
  -1.0000000e+00  -4.8448200e+00
   1.0000000e+00  -4.7608373e+00
   1.0000000e+00  -6.0123693e-01
   1.0000000e+00   1.2727598e+00
   1.0000000e+00   2.2179110e+00
   1.0000000e+00   3.0136372e+00
   1.0000000e+00   2.9202259e+00
   1.0000000e+00   3.2305038e+00
   1.0000000e+00   3.1375582e+00
   1.0000000e+00   3.0146695e+00
   1.0000000e+00   3.2636442e+00
   1.0000000e+00   3.4449685e+00
   1.0000000e+00   3.6568959e+00
   1.0000000e+00   3.6341263e+00
   1.0000000e+00   3.9144687e+00
   1.0000000e+00   3.9788130e+00
   1.0000000e+00   4.1823906e+00
  -1.0000000e+00   4.4446040e+00
  -1.0000000e+00   2.4805087e-01
  -1.0000000e+00  -1.7723648e+00
  -1.0000000e+00  -2.7455466e+00
  -1.0000000e+00  -3.0182374e+00
  -1.0000000e+00  -3.2767990e+00
  -1.0000000e+00  -3.4600619e+00
  -1.0000000e+00  -3.8086571e+00
  -1.0000000e+00  -3.7383358e+00
  -1.0000000e+00  -3.8828826e+00
  -1.0000000e+00  -4.2378344e+00
  -1.0000000e+00  -4.2981783e+00
  -1.0000000e+00  -4.0022055e+00
  -1.0000000e+00  -4.1059673e+00
  -1.0000000e+00  -4.0647676e+00
  -1.0000000e+00  -4.3006188e+00
   1.0000000e+00  -4.6691044e+00
   1.0000000e+00  -2.3465286e-01
   1.0000000e+00   1.9048542e+00
   1.0000000e+00   3.0405101e+00
   1.0000000e+00   3.6413338e+00
   1.0000000e+00   3.7524887e+00
   1.0000000e+00   3.8679451e+00
   1.0000000e+00   4.0088511e+00
   1.0000000e+00   3.3295596e+00
   1.0000000e+00   3.3774121e+00
   1.0000000e+00   3.2650113e+00
   1.0000000e+00   3.4566420e+00
   1.0000000e+00   3.1892159e+00
   1.0000000e+00   3.0062874e+00
   1.0000000e+00   3.0018190e+00
  -1.0000000e+00   3.0458318e+00
  -1.0000000e+00  -8.8228655e-01
  -1.0000000e+00  -2.9952072e+00
  -1.0000000e+00  -4.0110367e+00
  -1.0000000e+00  -4.4065479e+00
  -1.0000000e+00  -4.6993554e+00
  -1.0000000e+00  -4.4082134e+00
  -1.0000000e+00  -4.1373896e+00
  -1.0000000e+00  -4.3280327e+00
  -1.0000000e+00  -4.5724977e+00
  -1.0000000e+00  -4.3230802e+00
  -1.0000000e+00  -4.5738027e+00
  -1.0000000e+00  -4.8692596e+00
  -1.0000000e+00  -4.8798169e+00
  -1.0000000e+00  -4.7041022e+00
  -1.0000000e+00  -4.6527111e+00
   1.0000000e+00  -4.6465686e+00
   1.0000000e+00  -6.1696001e-01
   1.0000000e+00   1.4460765e+00
   1.0000000e+00   2.6387880e+00
   1.0000000e+00   3.0431067e+00
   1.0000000e+00   3.2895859e+00
   1.0000000e+00   3.2574260e+00
   1.0000000e+00   3.1399601e+00
   1.0000000e+00   3.4855161e+00
   1.0000000e+00   3.2831574e+00
   1.0000000e+00   3.5117528e+00
   1.0000000e+00   3.2656548e+00
   1.0000000e+00   3.4207673e+00
   1.0000000e+00   3.5842704e+00
   1.0000000e+00   3.9798940e+00
   1.0000000e+00   3.9261271e+00
  -1.0000000e+00   4.1275711e+00
  -1.0000000e+00  -8.1444658e-03
  -1.0000000e+00  -2.1442365e+00
  -1.0000000e+00  -3.3223466e+00
  -1.0000000e+00  -3.6830893e+00
  -1.0000000e+00  -4.0648211e+00
  -1.0000000e+00  -4.0236986e+00
  -1.0000000e+00  -3.7504461e+00
  -1.0000000e+00  -3.5202510e+00
  -1.0000000e+00  -3.8265176e+00
  -1.0000000e+00  -3.7450824e+00
  -1.0000000e+00  -3.7120985e+00
  -1.0000000e+00  -3.9968236e+00
  -1.0000000e+00  -3.8929933e+00
  -1.0000000e+00  -3.6439190e+00
  -1.0000000e+00  -3.7649946e+00
   1.0000000e+00  -4.0083759e+00
   1.0000000e+00  -8.6613302e-02
   1.0000000e+00   2.1862211e+00
   1.0000000e+00   2.9994561e+00
   1.0000000e+00   4.1129173e+00
   1.0000000e+00   4.1351351e+00
   1.0000000e+00   4.0483563e+00
   1.0000000e+00   4.0892078e+00
   1.0000000e+00   4.1126060e+00
   1.0000000e+00   3.7357991e+00
   1.0000000e+00   3.5493959e+00
   1.0000000e+00   3.9407261e+00
   1.0000000e+00   4.2042740e+00
   1.0000000e+00   4.2387918e+00
   1.0000000e+00   4.7178588e+00
  -1.0000000e+00   4.7079091e+00
  -1.0000000e+00   6.5993643e-01
  -1.0000000e+00  -1.2192527e+00
  -1.0000000e+00  -2.7488827e+00
  -1.0000000e+00  -3.1583169e+00
  -1.0000000e+00  -3.2413101e+00
  -1.0000000e+00  -3.2465340e+00
  -1.0000000e+00  -3.6773945e+00
  -1.0000000e+00  -3.9455177e+00
  -1.0000000e+00  -4.1519848e+00
  -1.0000000e+00  -4.2689074e+00
  -1.0000000e+00  -4.1750567e+00
  -1.0000000e+00  -4.3145843e+00
  -1.0000000e+00  -4.5977231e+00
  -1.0000000e+00  -4.2286765e+00
  -1.0000000e+00  -4.1097965e+00
   1.0000000e+00  -4.0100397e+00
   1.0000000e+00  -8.8629592e-03
   1.0000000e+00   1.8144333e+00
   1.0000000e+00   2.7291602e+00
   1.0000000e+00   2.9859862e+00
   1.0000000e+00   3.0502836e+00
   1.0000000e+00   3.1551090e+00
   1.0000000e+00   3.0460656e+00
   1.0000000e+00   3.0914521e+00
   1.0000000e+00   2.9605928e+00
   1.0000000e+00   3.1385926e+00
   1.0000000e+00   3.5003296e+00
   1.0000000e+00   3.9611673e+00
   1.0000000e+00   4.1604423e+00
   1.0000000e+00   3.9544150e+00
   1.0000000e+00   3.9308015e+00
  -1.0000000e+00   3.9854067e+00
  -1.0000000e+00  -4.6655936e-02
  -1.0000000e+00  -2.1931086e+00
  -1.0000000e+00  -3.1348623e+00
  -1.0000000e+00  -3.6679723e+00
  -1.0000000e+00  -4.1388458e+00
  -1.0000000e+00  -4.8737768e+00
  -1.0000000e+00  -4.7298625e+00
  -1.0000000e+00  -4.5250995e+00
  -1.0000000e+00  -4.6066858e+00
  -1.0000000e+00  -4.7131553e+00
  -1.0000000e+00  -4.9271778e+00
  -1.0000000e+00  -4.7881625e+00
  -1.0000000e+00  -4.6936763e+00
  -1.0000000e+00  -4.4966746e+00
   1.0000000e+00  -4.3470866e+00
   1.0000000e+00  -6.4128752e-01
   1.0000000e+00   1.8944321e+00
   1.0000000e+00   3.0352170e+00
   1.0000000e+00   3.5087075e+00
   1.0000000e+00   3.6584287e+00
   1.0000000e+00   3.5388522e+00
   1.0000000e+00   3.9348593e+00
   1.0000000e+00   4.1959448e+00
   1.0000000e+00   4.6252943e+00
   1.0000000e+00   4.6447358e+00
   1.0000000e+00   4.3879658e+00
   1.0000000e+00   4.0488276e+00
   1.0000000e+00   4.1338436e+00
   1.0000000e+00   4.3022527e+00
   1.0000000e+00   4.1987580e+00
  -1.0000000e+00   4.0408950e+00
  -1.0000000e+00   1.8006474e-01
  -1.0000000e+00  -1.9230232e+00
  -1.0000000e+00  -3.1667644e+00
  -1.0000000e+00  -4.0950596e+00
  -1.0000000e+00  -4.3365853e+00
  -1.0000000e+00  -4.3957827e+00
  -1.0000000e+00  -4.4658804e+00
  -1.0000000e+00  -4.7063759e+00
  -1.0000000e+00  -4.3450016e+00
  -1.0000000e+00  -4.1887489e+00
  -1.0000000e+00  -4.3046662e+00
  -1.0000000e+00  -4.4693858e+00
  -1.0000000e+00  -4.1751224e+00
  -1.0000000e+00  -3.9612809e+00
  -1.0000000e+00  -4.0292126e+00
   1.0000000e+00  -3.9169979e+00
   1.0000000e+00   4.8953563e-02
   1.0000000e+00   2.0047025e+00
   1.0000000e+00   2.7508235e+00
   1.0000000e+00   3.1850188e+00
   1.0000000e+00   3.1028349e+00
   1.0000000e+00   2.8302908e+00
   1.0000000e+00   2.8429494e+00
   1.0000000e+00   2.6051402e+00
   1.0000000e+00   2.7802353e+00
   1.0000000e+00   2.5255991e+00
   1.0000000e+00   2.4391212e+00
   1.0000000e+00   2.5318404e+00
   1.0000000e+00   2.7163026e+00
   1.0000000e+00   2.3852092e+00
   1.0000000e+00   2.4143924e+00
  -1.0000000e+00   2.4038915e+00
  -1.0000000e+00  -1.3275666e+00
  -1.0000000e+00  -3.2140213e+00
  -1.0000000e+00  -3.9363452e+00
  -1.0000000e+00  -4.6118396e+00
  -1.0000000e+00  -4.4456878e+00
  -1.0000000e+00  -5.0789715e+00
  -1.0000000e+00  -4.7385676e+00
  -1.0000000e+00  -4.8429279e+00
  -1.0000000e+00  -4.8764515e+00
  -1.0000000e+00  -5.1897640e+00
  -1.0000000e+00  -4.9441182e+00
  -1.0000000e+00  -5.0807895e+00
  -1.0000000e+00  -4.7561988e+00
  -1.0000000e+00  -5.0514634e+00
   1.0000000e+00  -4.7719493e+00
   1.0000000e+00  -8.0448833e-01
   1.0000000e+00   1.3190952e+00
   1.0000000e+00   2.5608707e+00
   1.0000000e+00   2.8012602e+00
   1.0000000e+00   2.9252325e+00
   1.0000000e+00   2.7774947e+00
   1.0000000e+00   3.0605384e+00
   1.0000000e+00   3.3511842e+00
   1.0000000e+00   3.4601331e+00
   1.0000000e+00   3.3546882e+00
   1.0000000e+00   3.5277690e+00
   1.0000000e+00   3.4507458e+00
   1.0000000e+00   3.5750191e+00
   1.0000000e+00   3.3451538e+00
   1.0000000e+00   3.4019561e+00
  -1.0000000e+00   3.5489136e+00
  -1.0000000e+00  -3.3520724e-01
  -1.0000000e+00  -2.5495433e+00
  -1.0000000e+00  -3.1530663e+00
  -1.0000000e+00  -3.7526023e+00
  -1.0000000e+00  -3.9469854e+00
  -1.0000000e+00  -4.1191525e+00
  -1.0000000e+00  -3.9342833e+00
  -1.0000000e+00  -4.1387396e+00
  -1.0000000e+00  -3.9610350e+00
  -1.0000000e+00  -3.6925358e+00
  -1.0000000e+00  -3.9946096e+00
  -1.0000000e+00  -4.3555543e+00
  -1.0000000e+00  -4.3942136e+00
  -1.0000000e+00  -4.3116629e+00
  -1.0000000e+00  -4.3758137e+00
   1.0000000e+00  -4.4308319e+00
   1.0000000e+00  -7.7277747e-01
   1.0000000e+00   1.2620870e+00
   1.0000000e+00   2.2703716e+00
   1.0000000e+00   2.9924648e+00
   1.0000000e+00   3.2929467e+00
   1.0000000e+00   3.2731576e+00
   1.0000000e+00   3.6654623e+00
   1.0000000e+00   3.9802373e+00
   1.0000000e+00   3.8431465e+00
   1.0000000e+00   3.5749472e+00
   1.0000000e+00   3.4402100e+00
   1.0000000e+00   3.7133994e+00
   1.0000000e+00   3.7147198e+00
   1.0000000e+00   3.5556139e+00
  -1.0000000e+00   3.4604491e+00
  -1.0000000e+00  -3.5143104e-01
  -1.0000000e+00  -2.6385274e+00
  -1.0000000e+00  -3.8114122e+00
  -1.0000000e+00  -4.3874952e+00
  -1.0000000e+00  -4.7587604e+00
  -1.0000000e+00  -4.6448733e+00
  -1.0000000e+00  -4.1941897e+00
  -1.0000000e+00  -4.1360129e+00
  -1.0000000e+00  -4.1356663e+00
  -1.0000000e+00  -3.8552124e+00
  -1.0000000e+00  -3.5357866e+00
  -1.0000000e+00  -3.6026438e+00
  -1.0000000e+00  -3.4707293e+00
  -1.0000000e+00  -3.5603098e+00
  -1.0000000e+00  -3.2616626e+00
   1.0000000e+00  -3.1119851e+00
   1.0000000e+00   9.0636132e-01
   1.0000000e+00   2.9773164e+00
   1.0000000e+00   3.9442651e+00
   1.0000000e+00   4.2581759e+00
   1.0000000e+00   4.3119536e+00
   1.0000000e+00   4.1410332e+00
   1.0000000e+00   4.1131911e+00
   1.0000000e+00   4.2439687e+00
   1.0000000e+00   4.2641798e+00
   1.0000000e+00   4.2076814e+00
   1.0000000e+00   4.0033666e+00
   1.0000000e+00   3.8361302e+00
   1.0000000e+00   3.8985759e+00
   1.0000000e+00   4.2822329e+00
   1.0000000e+00   4.1784293e+00
  -1.0000000e+00   4.3137152e+00
  -1.0000000e+00   2.5997051e-01
  -1.0000000e+00  -1.6199156e+00
  -1.0000000e+00  -2.4261123e+00
  -1.0000000e+00  -3.1942757e+00
  -1.0000000e+00  -3.8013419e+00
  -1.0000000e+00  -3.9656540e+00
  -1.0000000e+00  -4.1771408e+00
  -1.0000000e+00  -3.9162171e+00
  -1.0000000e+00  -3.4792813e+00
  -1.0000000e+00  -3.1781541e+00
  -1.0000000e+00  -3.1215792e+00
  -1.0000000e+00  -3.0582757e+00
  -1.0000000e+00  -3.2798017e+00
  -1.0000000e+00  -3.4133938e+00
  -1.0000000e+00  -3.3398080e+00
   1.0000000e+00  -3.4880955e+00
   1.0000000e+00   3.3556770e-01
   1.0000000e+00   1.9575823e+00
   1.0000000e+00   3.0061062e+00
   1.0000000e+00   3.6346113e+00
   1.0000000e+00   4.0635334e+00
   1.0000000e+00   4.0245148e+00
   1.0000000e+00   4.2484003e+00
   1.0000000e+00   4.2941035e+00
   1.0000000e+00   4.0238770e+00
   1.0000000e+00   4.0913392e+00
   1.0000000e+00   4.1163225e+00
   1.0000000e+00   4.2676898e+00
   1.0000000e+00   4.4549166e+00
   1.0000000e+00   4.6317978e+00
  -1.0000000e+00   4.5658354e+00
  -1.0000000e+00   5.1164770e-01
  -1.0000000e+00  -1.4657345e+00
  -1.0000000e+00  -1.9003212e+00
  -1.0000000e+00  -2.6008329e+00
  -1.0000000e+00  -2.8343293e+00
  -1.0000000e+00  -2.7404209e+00
  -1.0000000e+00  -3.1472601e+00
  -1.0000000e+00  -3.1511864e+00
  -1.0000000e+00  -3.2002229e+00
  -1.0000000e+00  -3.1796013e+00
  -1.0000000e+00  -3.1689531e+00
  -1.0000000e+00  -2.9712432e+00
  -1.0000000e+00  -3.2779863e+00
  -1.0000000e+00  -3.0737458e+00
  -1.0000000e+00  -3.1162590e+00
   1.0000000e+00  -2.5171899e+00
   1.0000000e+00   1.6490286e+00
   1.0000000e+00   3.5656166e+00
   1.0000000e+00   4.3834694e+00
   1.0000000e+00   4.7427994e+00
   1.0000000e+00   4.6530081e+00
   1.0000000e+00   4.7587936e+00
   1.0000000e+00   4.6029010e+00
   1.0000000e+00   4.8783593e+00
   1.0000000e+00   4.7608349e+00
   1.0000000e+00   4.5043013e+00
   1.0000000e+00   4.4703737e+00
   1.0000000e+00   4.3602301e+00
   1.0000000e+00   4.0801984e+00
   1.0000000e+00   3.9507220e+00
   1.0000000e+00   3.9160467e+00
  -1.0000000e+00   3.8110392e+00
  -1.0000000e+00   4.6479889e-02
  -1.0000000e+00  -1.8978560e+00
  -1.0000000e+00  -3.1991939e+00
  -1.0000000e+00  -3.3240040e+00
  -1.0000000e+00  -3.3935806e+00
  -1.0000000e+00  -3.8159762e+00
  -1.0000000e+00  -4.0224865e+00
  -1.0000000e+00  -4.1200718e+00
  -1.0000000e+00  -4.0882285e+00
  -1.0000000e+00  -4.2400697e+00
  -1.0000000e+00  -4.1453429e+00
  -1.0000000e+00  -4.3601557e+00
  -1.0000000e+00  -4.0541828e+00
  -1.0000000e+00  -3.8730673e+00
   1.0000000e+00  -4.1455646e+00
   1.0000000e+00  -6.0847467e-02
   1.0000000e+00   2.0193072e+00
   1.0000000e+00   2.9596289e+00
   1.0000000e+00   3.2744954e+00
   1.0000000e+00   3.4295954e+00
   1.0000000e+00   3.8699317e+00
   1.0000000e+00   3.6919779e+00
   1.0000000e+00   3.6937197e+00
   1.0000000e+00   3.7343963e+00
   1.0000000e+00   3.7748738e+00
   1.0000000e+00   3.5773773e+00
   1.0000000e+00   3.4418710e+00
   1.0000000e+00   3.9052812e+00
   1.0000000e+00   4.0566930e+00
   1.0000000e+00   3.9241490e+00
  -1.0000000e+00   3.9040890e+00
  -1.0000000e+00  -6.1369165e-01
  -1.0000000e+00  -2.7032530e+00
  -1.0000000e+00  -3.3022759e+00
  -1.0000000e+00  -3.8332180e+00
  -1.0000000e+00  -4.0863382e+00
  -1.0000000e+00  -4.3009855e+00
  -1.0000000e+00  -4.3660695e+00
  -1.0000000e+00  -4.3000318e+00
  -1.0000000e+00  -4.2614722e+00
  -1.0000000e+00  -4.4012340e+00
  -1.0000000e+00  -4.4724305e+00
  -1.0000000e+00  -4.5399854e+00
  -1.0000000e+00  -4.8166128e+00
  -1.0000000e+00  -4.6894896e+00
  -1.0000000e+00  -4.2076259e+00
   1.0000000e+00  -4.0886813e+00
   1.0000000e+00   4.4940380e-03
   1.0000000e+00   1.9690496e+00
   1.0000000e+00   3.4105664e+00
   1.0000000e+00   4.2587084e+00
   1.0000000e+00   4.7539171e+00
   1.0000000e+00   4.6962296e+00
   1.0000000e+00   4.5050829e+00
   1.0000000e+00   4.2754991e+00
   1.0000000e+00   3.9999795e+00
   1.0000000e+00   3.7721066e+00
   1.0000000e+00   3.9798641e+00
   1.0000000e+00   4.1012953e+00
   1.0000000e+00   3.9230101e+00
   1.0000000e+00   4.2577695e+00
  -1.0000000e+00   4.2311885e+00
  -1.0000000e+00   3.8102373e-01
  -1.0000000e+00  -1.6680521e+00
  -1.0000000e+00  -2.4432813e+00
  -1.0000000e+00  -3.0663450e+00
  -1.0000000e+00  -3.5158711e+00
  -1.0000000e+00  -4.0505099e+00
  -1.0000000e+00  -3.9714243e+00
  -1.0000000e+00  -3.9352753e+00
  -1.0000000e+00  -3.9789409e+00
  -1.0000000e+00  -3.7093095e+00
  -1.0000000e+00  -3.7214749e+00
  -1.0000000e+00  -3.9440064e+00
  -1.0000000e+00  -4.0166561e+00
  -1.0000000e+00  -4.0753837e+00
  -1.0000000e+00  -3.9917628e+00
   1.0000000e+00  -3.6402463e+00
   1.0000000e+00  -4.6574433e-03
   1.0000000e+00   1.6475378e+00
   1.0000000e+00   2.6203789e+00
   1.0000000e+00   3.2811492e+00
   1.0000000e+00   3.4929604e+00
   1.0000000e+00   3.4438719e+00
   1.0000000e+00   3.3034341e+00
   1.0000000e+00   3.3651172e+00
   1.0000000e+00   3.2343903e+00
   1.0000000e+00   3.2748420e+00
   1.0000000e+00   3.3960717e+00
   1.0000000e+00   3.6640406e+00
   1.0000000e+00   3.7867534e+00
   1.0000000e+00   3.8459896e+00
   1.0000000e+00   3.7757310e+00
  -1.0000000e+00   3.5027951e+00
  -1.0000000e+00  -4.6856372e-01
  -1.0000000e+00  -2.3590888e+00
  -1.0000000e+00  -3.3241748e+00
  -1.0000000e+00  -3.8365329e+00
  -1.0000000e+00  -4.2461046e+00
  -1.0000000e+00  -4.1854686e+00
  -1.0000000e+00  -4.2898650e+00
  -1.0000000e+00  -4.4720597e+00
  -1.0000000e+00  -4.3723744e+00
  -1.0000000e+00  -4.1372919e+00
  -1.0000000e+00  -4.3707818e+00
  -1.0000000e+00  -4.8190745e+00
  -1.0000000e+00  -4.9065241e+00
  -1.0000000e+00  -5.1489972e+00
  -1.0000000e+00  -4.9080430e+00
   1.0000000e+00  -4.6929577e+00
   1.0000000e+00  -6.3953961e-01
   1.0000000e+00   1.4157955e+00
   1.0000000e+00   2.5190699e+00
   1.0000000e+00   3.0491165e+00
   1.0000000e+00   3.1654960e+00
   1.0000000e+00   3.2242168e+00
   1.0000000e+00   3.5791649e+00
   1.0000000e+00   3.1964145e+00
   1.0000000e+00   3.2582674e+00
   1.0000000e+00   3.3591467e+00
   1.0000000e+00   3.3859435e+00
   1.0000000e+00   3.7260638e+00
   1.0000000e+00   3.5128144e+00
   1.0000000e+00   3.6829845e+00
  -1.0000000e+00   3.7775421e+00
  -1.0000000e+00  -2.9010124e-01
  -1.0000000e+00  -2.0771263e+00
  -1.0000000e+00  -3.0873039e+00
  -1.0000000e+00  -3.7948920e+00
  -1.0000000e+00  -3.6473585e+00
  -1.0000000e+00  -3.9282094e+00
  -1.0000000e+00  -4.2345084e+00
  -1.0000000e+00  -4.3388758e+00
  -1.0000000e+00  -4.0310558e+00
  -1.0000000e+00  -4.1666078e+00
  -1.0000000e+00  -4.2055833e+00
  -1.0000000e+00  -4.1404011e+00
  -1.0000000e+00  -3.7846564e+00
  -1.0000000e+00  -4.0894043e+00
  -1.0000000e+00  -3.9575916e+00
   1.0000000e+00  -3.9477677e+00
   1.0000000e+00   8.2459386e-02
   1.0000000e+00   1.8342949e+00
   1.0000000e+00   2.7238007e+00
   1.0000000e+00   3.4707706e+00
   1.0000000e+00   3.7228009e+00
   1.0000000e+00   3.8715223e+00
   1.0000000e+00   3.8171539e+00
   1.0000000e+00   3.6562125e+00
   1.0000000e+00   3.7483278e+00
   1.0000000e+00   3.6609220e+00
   1.0000000e+00   3.4896500e+00
   1.0000000e+00   3.5443404e+00
   1.0000000e+00   3.7912195e+00
   1.0000000e+00   3.9915162e+00
   1.0000000e+00   4.0600041e+00
  -1.0000000e+00   3.8935961e+00
  -1.0000000e+00   1.8052325e-01
  -1.0000000e+00  -1.7240381e+00
  -1.0000000e+00  -2.6273097e+00
  -1.0000000e+00  -3.1353300e+00
  -1.0000000e+00  -3.1688590e+00
  -1.0000000e+00  -3.4965731e+00
  -1.0000000e+00  -3.4554290e+00
  -1.0000000e+00  -2.8919710e+00
  -1.0000000e+00  -2.9694861e+00
  -1.0000000e+00  -3.1137899e+00
  -1.0000000e+00  -3.2660156e+00
  -1.0000000e+00  -3.2303040e+00
  -1.0000000e+00  -3.4772399e+00
  -1.0000000e+00  -3.4850655e+00
   1.0000000e+00  -3.5152823e+00
   1.0000000e+00   4.9446784e-01
   1.0000000e+00   2.3828990e+00
   1.0000000e+00   3.4120165e+00
   1.0000000e+00   3.8531962e+00
   1.0000000e+00   4.4425737e+00
   1.0000000e+00   4.3080080e+00
   1.0000000e+00   4.4109306e+00
   1.0000000e+00   4.2992398e+00
   1.0000000e+00   4.5244818e+00
   1.0000000e+00   4.2971328e+00
   1.0000000e+00   4.2418762e+00
   1.0000000e+00   4.3966379e+00
   1.0000000e+00   4.1487760e+00
   1.0000000e+00   4.1250136e+00
   1.0000000e+00   3.9670120e+00
  -1.0000000e+00   3.6362682e+00
  -1.0000000e+00  -3.0576113e-01
  -1.0000000e+00  -2.5046155e+00
  -1.0000000e+00  -3.4250319e+00
  -1.0000000e+00  -3.8698510e+00
  -1.0000000e+00  -4.1304691e+00
  -1.0000000e+00  -4.3161654e+00
  -1.0000000e+00  -4.5715790e+00
  -1.0000000e+00  -4.7400531e+00
  -1.0000000e+00  -4.7145355e+00
  -1.0000000e+00  -4.8197740e+00
  -1.0000000e+00  -4.8580808e+00
  -1.0000000e+00  -4.7165343e+00
  -1.0000000e+00  -4.9100875e+00
  -1.0000000e+00  -4.6853967e+00
  -1.0000000e+00  -4.5188222e+00
   1.0000000e+00  -4.3629529e+00
   1.0000000e+00  -2.7085430e-01
   1.0000000e+00   1.5389792e+00
   1.0000000e+00   2.8187673e+00
   1.0000000e+00   3.1912110e+00
   1.0000000e+00   3.3258297e+00
   1.0000000e+00   3.4967192e+00
   1.0000000e+00   3.6455973e+00
   1.0000000e+00   3.8207758e+00
   1.0000000e+00   3.9966945e+00
   1.0000000e+00   4.0747413e+00
   1.0000000e+00   4.1957196e+00
   1.0000000e+00   4.0695480e+00
   1.0000000e+00   3.6871550e+00
   1.0000000e+00   3.9947236e+00
   1.0000000e+00   4.0019117e+00
  -1.0000000e+00   3.6606179e+00
  -1.0000000e+00  -3.5168671e-01
  -1.0000000e+00  -2.3793038e+00
  -1.0000000e+00  -3.1614723e+00
  -1.0000000e+00  -3.4522189e+00
  -1.0000000e+00  -3.4039907e+00
  -1.0000000e+00  -3.4704998e+00
  -1.0000000e+00  -3.8429092e+00
  -1.0000000e+00  -3.9406444e+00
  -1.0000000e+00  -3.8506011e+00
  -1.0000000e+00  -3.9512139e+00
  -1.0000000e+00  -3.9624792e+00
  -1.0000000e+00  -3.8273079e+00
  -1.0000000e+00  -3.7826232e+00
  -1.0000000e+00  -3.9210836e+00
   1.0000000e+00  -3.9102350e+00
   1.0000000e+00  -2.4428362e-01
   1.0000000e+00   1.5586985e+00
   1.0000000e+00   2.4614387e+00
   1.0000000e+00   2.7152143e+00
   1.0000000e+00   3.1053263e+00
   1.0000000e+00   3.6377529e+00
   1.0000000e+00   3.9368115e+00
   1.0000000e+00   4.0177416e+00
   1.0000000e+00   3.8889713e+00
   1.0000000e+00   3.8347419e+00
   1.0000000e+00   4.3078096e+00
   1.0000000e+00   4.6921226e+00
   1.0000000e+00   4.5539079e+00
   1.0000000e+00   4.5718532e+00
   1.0000000e+00   4.5780417e+00
  -1.0000000e+00   4.7829919e+00
  -1.0000000e+00   9.1328013e-01
  -1.0000000e+00  -1.1721701e+00
  -1.0000000e+00  -2.1370059e+00
  -1.0000000e+00  -2.5292982e+00
  -1.0000000e+00  -2.9529248e+00
  -1.0000000e+00  -3.0554686e+00
  -1.0000000e+00  -2.8996642e+00
  -1.0000000e+00  -2.6022542e+00
  -1.0000000e+00  -2.4578760e+00
  -1.0000000e+00  -2.9186936e+00
  -1.0000000e+00  -3.1959356e+00
  -1.0000000e+00  -3.2070906e+00
  -1.0000000e+00  -3.3707674e+00
  -1.0000000e+00  -3.4080809e+00
  -1.0000000e+00  -3.4816197e+00
   1.0000000e+00  -3.6471232e+00
   1.0000000e+00  -4.6533400e-02
   1.0000000e+00   1.9571378e+00
   1.0000000e+00   3.1373515e+00
   1.0000000e+00   3.5073068e+00
   1.0000000e+00   3.3865007e+00
   1.0000000e+00   3.5744807e+00
   1.0000000e+00   3.7198074e+00
   1.0000000e+00   3.8068831e+00
   1.0000000e+00   3.7567726e+00
   1.0000000e+00   3.7654799e+00
   1.0000000e+00   3.9833566e+00
   1.0000000e+00   3.8700055e+00
   1.0000000e+00   3.8024747e+00
   1.0000000e+00   3.5726339e+00
  -1.0000000e+00   3.7291194e+00
  -1.0000000e+00  -3.0170419e-01
  -1.0000000e+00  -2.5860880e+00
  -1.0000000e+00  -3.3573871e+00
  -1.0000000e+00  -3.7261065e+00
  -1.0000000e+00  -4.3577390e+00
  -1.0000000e+00  -4.2324066e+00
  -1.0000000e+00  -3.9894764e+00
  -1.0000000e+00  -4.3718007e+00
  -1.0000000e+00  -4.4265279e+00
  -1.0000000e+00  -4.0987787e+00
  -1.0000000e+00  -4.1901817e+00
  -1.0000000e+00  -3.9271245e+00
  -1.0000000e+00  -3.9684031e+00
  -1.0000000e+00  -3.6630040e+00
  -1.0000000e+00  -3.6194579e+00
   1.0000000e+00  -3.3666604e+00
   1.0000000e+00   4.5146140e-01
   1.0000000e+00   1.9969120e+00
   1.0000000e+00   2.7843604e+00
   1.0000000e+00   2.9393639e+00
   1.0000000e+00   3.1980713e+00
   1.0000000e+00   3.0120391e+00
   1.0000000e+00   3.2519355e+00
   1.0000000e+00   3.6375636e+00
   1.0000000e+00   3.7081695e+00
   1.0000000e+00   3.7361827e+00
   1.0000000e+00   3.6770771e+00
   1.0000000e+00   3.7626508e+00
   1.0000000e+00   3.6444399e+00
   1.0000000e+00   3.0773051e+00
   1.0000000e+00   3.4971773e+00
  -1.0000000e+00   3.9702923e+00
  -1.0000000e+00   4.5607477e-01
  -1.0000000e+00  -1.4418688e+00
  -1.0000000e+00  -2.5705399e+00
  -1.0000000e+00  -2.9334639e+00
  -1.0000000e+00  -2.9622397e+00
  -1.0000000e+00  -2.8097178e+00
  -1.0000000e+00  -2.9990612e+00
  -1.0000000e+00  -3.0220488e+00
  -1.0000000e+00  -3.2218686e+00
  -1.0000000e+00  -3.1050364e+00
  -1.0000000e+00  -3.2869186e+00
  -1.0000000e+00  -3.4496777e+00
  -1.0000000e+00  -3.3195817e+00
  -1.0000000e+00  -3.3479343e+00
  -1.0000000e+00  -3.6656333e+00
   1.0000000e+00  -3.6705295e+00
   1.0000000e+00   3.7072937e-01
   1.0000000e+00   1.9712949e+00
   1.0000000e+00   3.0108026e+00
   1.0000000e+00   3.8090005e+00
   1.0000000e+00   4.1515712e+00
   1.0000000e+00   4.0303647e+00
   1.0000000e+00   3.8554073e+00
   1.0000000e+00   3.6429320e+00
   1.0000000e+00   3.5454673e+00
   1.0000000e+00   3.9469788e+00
   1.0000000e+00   4.1752757e+00
   1.0000000e+00   4.1586734e+00
   1.0000000e+00   3.9594757e+00
   1.0000000e+00   4.0639234e+00
  -1.0000000e+00   4.1551305e+00
  -1.0000000e+00  -3.1040942e-02
  -1.0000000e+00  -1.6851809e+00
  -1.0000000e+00  -2.6955494e+00
  -1.0000000e+00  -3.2943747e+00
  -1.0000000e+00  -3.1744046e+00
  -1.0000000e+00  -3.2553505e+00
  -1.0000000e+00  -3.7339034e+00
  -1.0000000e+00  -3.9642633e+00
  -1.0000000e+00  -4.1029385e+00
  -1.0000000e+00  -4.1489529e+00
  -1.0000000e+00  -3.8921547e+00
  -1.0000000e+00  -3.5462295e+00
  -1.0000000e+00  -3.6073249e+00
  -1.0000000e+00  -3.6710221e+00
  -1.0000000e+00  -3.4983726e+00
   1.0000000e+00  -3.7306707e+00
   1.0000000e+00  -1.2707430e-01
   1.0000000e+00   1.8016795e+00
   1.0000000e+00   2.3492953e+00
   1.0000000e+00   3.0497066e+00
   1.0000000e+00   3.2267584e+00
   1.0000000e+00   3.1785068e+00
   1.0000000e+00   3.1729003e+00
   1.0000000e+00   3.4214797e+00
   1.0000000e+00   3.6073542e+00
   1.0000000e+00   3.5658145e+00
   1.0000000e+00   3.7282274e+00
   1.0000000e+00   3.7355431e+00
   1.0000000e+00   3.4759686e+00
   1.0000000e+00   3.8119422e+00
   1.0000000e+00   3.3490913e+00
  -1.0000000e+00   3.6239150e+00
  -1.0000000e+00  -3.0542927e-01
  -1.0000000e+00  -2.5866182e+00
  -1.0000000e+00  -3.2466826e+00
  -1.0000000e+00  -3.7339106e+00
  -1.0000000e+00  -4.3492142e+00
  -1.0000000e+00  -4.5539854e+00
  -1.0000000e+00  -4.2064153e+00
  -1.0000000e+00  -4.2404605e+00
  -1.0000000e+00  -4.2653712e+00
  -1.0000000e+00  -4.4649942e+00
  -1.0000000e+00  -4.4929618e+00
  -1.0000000e+00  -4.4966611e+00
  -1.0000000e+00  -4.6658893e+00
  -1.0000000e+00  -4.6025567e+00
   1.0000000e+00  -4.5832041e+00
   1.0000000e+00  -3.9104668e-01
   1.0000000e+00   1.5983288e+00
   1.0000000e+00   2.4537277e+00
   1.0000000e+00   3.0593613e+00
   1.0000000e+00   3.2634324e+00
   1.0000000e+00   3.4904496e+00
   1.0000000e+00   3.7492902e+00
   1.0000000e+00   4.0459691e+00
   1.0000000e+00   3.8637576e+00
   1.0000000e+00   3.8446271e+00
   1.0000000e+00   3.8034587e+00
   1.0000000e+00   3.9017113e+00
   1.0000000e+00   3.6056298e+00
   1.0000000e+00   3.7330361e+00
   1.0000000e+00   3.5857624e+00
  -1.0000000e+00   3.6550718e+00
